0           0.9936    -0.00872  
0.0128      1.004     -0.008366 
0.0256      0.9957    -0.008543 
0.0384      0.97      -0.003585 
0.0512      0.9705    -0.005356 
0.064       0.9936    -0.007304 
0.0768      1.001     -0.008366 
0.0896      0.9929    -0.007481 
0.1024      0.9701    -0.00996  
0.1152      0.97      -0.00872  
0.128       0.9955    -0.008543 
0.1408      1.002     -0.008189 
0.1536      0.9954    -0.006949 
0.1664      0.9708    -0.007835 
0.1792      0.9715    -0.007835 
0.192       0.9929    -0.007658 
0.2048      1.002     -0.007835 
0.2176      0.9947    -0.007127 
0.2304      0.9717    -0.007127 
0.2432      0.9707    -0.009251 
0.256       0.9926    -0.00996  
0.2688      1.001     -0.01262  
0.2816      0.9955    -0.006418 
0.2944      0.9712    -0.007304 
0.3072      0.9712    -0.005179 
0.32        0.9919    -0.005179 
0.3328      1.001     -0.007481 
0.3456      0.9928    -0.006241 
0.3584      0.97      -0.007658 
0.3712      0.9726    -0.006064 
0.384       0.9931    -0.005887 
0.3968      1.003     -0.008012 
0.4096      0.9936    -0.005887 
0.4224      0.9698    -0.007304 
0.4352      0.9707    -0.007127 
0.448       0.9945    -0.008543 
0.4608      1.004     -0.01456  
0.4736      0.9955    -0.01102  
0.4864      0.9734    -0.0112   
0.4992      0.9731    -0.009428 
0.512       0.9947    -0.01138  
0.5248      1.004     -0.01509  
0.5376      0.9938    -0.0135   
0.5504      0.9748    -0.01244  
0.5632      0.9722    -0.009251 
0.576       0.9952    -0.009428 
0.5888      1.002     -0.009605 
0.6016      0.9945    -0.01173  
0.6144      0.9712    -0.007658 
0.6272      0.9747    -0.009605 
0.64        0.9954    -0.007304 
0.6528      1.003     -0.01031  
0.6656      0.9962    -0.009251 
0.6784      0.9721    -0.01049  
0.6912      0.9721    -0.00996  
0.704       0.9973    -0.01138  
0.7168      1.003     -0.009251 
0.7296      0.9921    -0.008012 
0.7424      0.9705    -0.009074 
0.7552      0.9721    -0.007304 
0.768       0.9954    -0.008366 
0.7808      1.001     -0.01084  
0.7936      0.9938    -0.008012 
0.8064      0.9703    -0.009428 
0.8192      0.9708    -0.01226  
0.832       0.9922    -0.007127 
0.8448      1.001     -0.009605 
0.8576      0.9959    -0.009251 
0.8704      0.9703    -0.00996  
0.8832      0.9717    -0.008897 
0.896       0.9919    -0.007835 
0.9088      0.9994    -0.009605 
0.9216      0.9922    -0.01226  
0.9344      0.97      -0.006949 
0.9472      0.9701    -0.01368  
0.96        0.9929    -0.01014  
0.9728      1.001     -0.01014  
0.9856      0.995     -0.01031  
0.9984      0.9715    -0.007481 
1.0112      0.9698    -0.008897 
1.024       0.9936    -0.005887 
1.0368      1.001     -0.008543 
1.0496      0.9957    -0.007304 
1.0624      0.9721    -0.01014  
1.0752      0.9682    -0.007481 
1.088       0.9933    -0.009074 
1.1008      1.001     -0.007127 
1.1136      0.9964    -0.008366 
1.1264      0.9708    -0.005356 
1.1392      0.9715    -0.006418 
1.152       0.9962    -0.007658 
1.1648      1.002     -0.00996  
1.1776      0.9954    -0.01102  
1.1904      0.9715    -0.009428 
1.2032      0.9719    -0.004648 
1.216       0.9952    -0.005533 
1.2288      1.003     -0.009074 
1.2416      0.9945    -0.007835 
1.2544      0.9714    -0.01049  
1.2672      0.9717    -0.009428 
1.28        0.9957    -0.008543 
1.2928      1.003     -0.01138  
1.3056      0.9945    -0.00996  
1.3184      0.9721    -0.00996  
1.3312      0.9708    -0.009074 
1.344       0.9928    -0.008543 
1.3568      1.003     -0.008897 
1.3696      0.9938    -0.01439  
1.3824      0.9712    -0.01014  
1.3952      0.9726    -0.01031  
1.408       0.9941    -0.01155  
1.4208      1.001     -0.01226  
1.4336      0.9954    -0.01049  
1.4464      0.9729    -0.01049  
1.4592      0.9714    -0.009783 
1.472       0.994     -0.009251 
1.4848      0.9999    -0.009251 
1.4976      0.9936    -0.009783 
1.5104      0.9691    -0.00996  
1.5232      0.9719    -0.01084  
1.536       0.9948    -0.01031  
1.5488      1.002     -0.00996  
1.5616      0.9945    -0.0112   
1.5744      0.9703    -0.007127 
1.5872      0.9689    -0.00996  
1.6         0.9952    -0.008189 
1.6128      1.002     -0.00872  
1.6256      0.994     -0.008543 
1.6384      0.97      -0.01014  
1.6512      0.9703    -0.007658 
1.664       0.9924    -0.006241 
1.6768      1.001     -0.008543 
1.6896      0.9929    -0.008012 
1.7024      0.9707    -0.006595 
1.7152      0.9701    -0.00571  
1.728       0.9931    -0.008012 
1.7408      1.002     -0.006772 
1.7536      0.995     -0.00571  
1.7664      0.9708    -0.01226  
1.7792      0.9729    -0.009428 
1.792       0.9971    -0.009074 
1.8048      1         -0.00872  
1.8176      0.9936    -0.0112   
1.8304      0.9705    -0.01244  
1.8432      0.9712    -0.009783 
1.856       0.994     -0.01155  
1.8688      1.003     -0.007658 
1.8816      0.994     -0.009605 
1.8944      0.9721    -0.007658 
1.9072      0.9686    -0.009251 
1.92        0.9936    -0.009783 
1.9328      1.003     -0.005179 
1.9456      0.9941    -0.0135   
1.9584      0.9715    -0.0112   
1.9712      0.97      -0.01403  
1.984       0.9941    -0.008366 
1.9968      1.003     -0.008897 
2.0096      0.9957    -0.008897 
2.0224      0.9715    -0.01102  
2.0352      0.9712    -0.006595 
2.048       0.9931    -0.00872  
2.0608      1.002     -0.008189 
2.0736      0.9936    -0.01173  
2.0864      0.9714    -0.01031  
2.0992      0.97      -0.007304 
2.112       0.9926    -0.009251 
2.1248      1.002     -0.009251 
2.1376      0.9954    -0.01014  
2.1504      0.9719    -0.008897 
2.1632      0.9745    -0.01191  
2.176       0.9948    -0.005356 
2.1888      1.002     -0.006595 
2.2016      0.9962    -0.0112   
2.2144      0.9714    -0.008189 
2.2272      0.9731    -0.007127 
2.24        0.9931    -0.01067  
2.2528      1.002     -0.009428 
2.2656      0.9957    -0.007481 
2.2784      0.9724    -0.01031  
2.2912      0.9707    -0.009605 
2.304       0.9947    -0.008189 
2.3168      1         -0.007658 
2.3296      0.9931    -0.008543 
2.3424      0.9724    -0.006418 
2.3552      0.9712    -0.007304 
2.368       0.9922    -0.006418 
2.3808      1.002     -0.007658 
2.3936      0.995     -0.007481 
2.4064      0.9691    -0.01138  
2.4192      0.9701    -0.01279  
2.432       0.9945    -0.009251 
2.4448      1.004     -0.006772 
2.4576      0.9936    -0.01031  
2.4704      0.9712    -0.008897 
2.4832      0.9722    -0.01138  
2.496       0.9952    -0.008366 
2.5088      1.001     -0.006418 
2.5216      0.9922    -0.006595 
2.5344      0.9694    -0.008366 
2.5472      0.9707    -0.007127 
2.56        0.9933    -0.008012 
2.5728      1         -0.008366 
2.5856      0.9929    -0.01138  
2.5984      0.9705    -0.005887 
2.6112      0.9701    -0.007658 
2.624       0.994     -0.006241 
2.6368      1.004     -0.005887 
2.6496      0.9938    -0.00571  
2.6624      0.9714    -0.005887 
2.6752      0.9708    -0.00571  
2.688       0.9948    -0.007481 
2.7008      1.002     -0.009783 
2.7136      0.9948    -0.008189 
2.7264      0.9705    -0.007127 
2.7392      0.9689    -0.008366 
2.752       0.9934    -0.004116 
2.7648      1.001     -0.005533 
2.7776      0.9955    -0.007658 
2.7904      0.9731    -0.00571  
2.8032      0.9728    -0.007127 
2.816       0.9938    -0.004648 
2.8288      1.002     -0.007127 
2.8416      0.9938    -0.009074 
2.8544      0.9722    -0.006241 
2.8672      0.974     -0.005179 
2.88        0.9971    -0.01067  
2.8928      1.004     -0.005533 
2.9056      0.9969    -0.004471 
2.9184      0.9722    -0.006418 
2.9312      0.9724    -0.008897 
2.944       0.9983    -0.006064 
2.9568      1.007     -0.01031  
2.9696      0.9968    -0.008897 
2.9824      0.9734    -0.009783 
2.9952      0.9729    -0.01315  
3.008       0.9936    -0.01014  
3.0208      1.003     -0.01102  
3.0336      0.9961    -0.009783 
3.0464      0.9745    -0.01315  
3.0592      0.9708    -0.01067  
3.072       0.9968    -0.009074 
3.0848      1.004     -0.01031  
3.0976      0.9934    -0.007481 
3.1104      0.9715    -0.01049  
3.1232      0.9707    -0.01138  
3.136       0.9959    -0.009074 
3.1488      1.004     -0.008012 
3.1616      0.9941    -0.01014  
3.1744      0.9721    -0.01102  
3.1872      0.9714    -0.006772 
3.2         0.9947    -0.008189 
3.2128      1.004     -0.008012 
3.2256      0.9969    -0.007658 
3.2384      0.9729    -0.008189 
3.2512      0.974     -0.008897 
3.264       0.9983    -0.008189 
3.2768      1.002     -0.009251 
3.2896      0.9931    -0.009428 
3.3024      0.9719    -0.007835 
3.3152      0.974     -0.01031  
3.328       0.9941    -0.009783 
3.3408      1.002     -0.01084  
3.3536      0.9954    -0.007304 
3.3664      0.9731    -0.01014  
3.3792      0.9729    -0.007835 
3.392       0.9948    -0.009605 
3.4048      1.004     -0.008012 
3.4176      0.9947    -0.006949 
3.4304      0.9701    -0.008543 
3.4432      0.9693    -0.008543 
3.456       0.9945    -0.01191  
3.4688      1.004     -0.01084  
3.4816      0.9981    -0.01031  
3.4944      0.9714    -0.009428 
3.5072      0.9717    -0.01049  
3.52        0.9938    -0.01084  
3.5328      1.002     -0.009605 
3.5456      0.9957    -0.00872  
3.5584      0.9714    -0.01191  
3.5712      0.9708    -0.01031  
3.584       0.9924    -0.01262  
3.5968      1.003     -0.009428 
3.6096      0.9928    -0.007127 
3.6224      0.9705    -0.006949 
3.6352      0.9707    -0.01014  
3.648       0.9959    -0.009074 
3.6608      0.9987    -0.009074 
3.6736      0.9957    -0.009074 
3.6864      0.9705    -0.009783 
3.6992      0.9708    -0.007481 
3.712       0.995     -0.007127 
3.7248      1.003     -0.008543 
3.7376      0.9978    -0.008189 
3.7504      0.9721    -0.00872  
3.7632      0.9736    -0.009783 
3.776       0.9952    -0.009783 
3.7888      1.005     -0.01014  
3.8016      0.994     -0.006772 
3.8144      0.9729    -0.01049  
3.8272      0.9728    -0.007658 
3.84        0.9966    -0.005179 
3.8528      1.002     -0.00872  
3.8656      0.9948    -0.009428 
3.8784      0.9724    -0.008897 
3.8912      0.9712    -0.009251 
3.904       0.9945    -0.007127 
3.9168      1.004     -0.009783 
3.9296      0.9952    -0.00872  
3.9424      0.9726    -0.009783 
3.9552      0.9724    -0.00872  
3.968       0.9978    -0.006949 
3.9808      1.003     -0.006595 
3.9936      0.9957    -0.008543 
4.0064      0.9719    -0.01014  
4.0192      0.9733    -0.007304 
4.032       0.9966    -0.009251 
4.0448      1.003     -0.006241 
4.0576      0.9954    -0.007481 
4.0704      0.9734    -0.00996  
4.0832      0.9743    -0.005002 
4.096       0.9969    -0.007835 
4.1088      1.005     -0.006949 
4.1216      0.9948    -0.008189 
4.1344      0.9712    -0.00872  
4.1472      0.9715    -0.009605 
4.16        0.9954    -0.00872  
4.1728      1         -0.008012 
4.1856      0.9945    -0.007658 
4.1984      0.9705    -0.009783 
4.2112      0.9734    -0.008543 
4.224       0.9962    -0.01332  
4.2368      1.004     -0.01191  
4.2496      0.9966    -0.01191  
4.2624      0.9717    -0.01315  
4.2752      0.9729    -0.01315  
4.288       0.9962    -0.01332  
4.3008      1.001     -0.009074 
4.3136      0.9928    -0.01368  
4.3264      0.9717    -0.01084  
4.3392      0.97      -0.00571  
4.352       0.9959    -0.008897 
4.3648      1.002     -0.008543 
4.3776      0.994     -0.009783 
4.3904      0.971     -0.00872  
4.4032      0.9707    -0.01226  
4.416       0.9941    -0.01102  
4.4288      1.004     -0.007127 
4.4416      0.994     -0.01031  
4.4544      0.9698    -0.01031  
4.4672      0.9698    -0.00872  
4.48        0.9945    -0.007127 
4.4928      1.002     -0.008543 
4.5056      0.9943    -0.007835 
4.5184      0.9726    -0.01208  
4.5312      0.9721    -0.00872  
4.544       0.9961    -0.006241 
4.5568      1.001     -0.01315  
4.5696      0.9957    -0.01049  
4.5824      0.971     -0.007481 
4.5952      0.9724    -0.008189 
4.608       0.995     -0.007304 
4.6208      1.002     -0.00872  
4.6336      0.9952    -0.00996  
4.6464      0.9729    -0.01173  
4.6592      0.9741    -0.01279  
4.672       0.9957    -0.01226  
4.6848      1.006     -0.01102  
4.6976      0.995     -0.009783 
4.7104      0.971     -0.01173  
4.7232      0.9714    -0.009605 
4.736       0.9945    -0.01155  
4.7488      0.9999    -0.009251 
4.7616      0.9961    -0.01102  
4.7744      0.971     -0.008543 
4.7872      0.9722    -0.01279  
4.8         0.9934    -0.0135   
4.8128      1.002     -0.007304 
4.8256      0.9917    -0.01315  
4.8384      0.9693    -0.0112   
4.8512      0.9677    -0.01031  
4.864       0.9945    -0.009605 
4.8768      0.9997    -0.01084  
4.8896      0.9931    -0.01244  
4.9024      0.9705    -0.0112   
4.9152      0.9686    -0.01208  
4.928       0.9931    -0.01049  
4.9408      1.001     -0.01031  
4.9536      0.9929    -0.01084  
4.9664      0.9703    -0.00872  
4.9792      0.9691    -0.008189 
4.992       0.9934    -0.009605 
5.0048      1.002     -0.009605 
5.0176      0.9947    -0.009074 
5.0304      0.9703    -0.01014  
5.0432      0.9707    -0.007658 
5.056       0.9947    -0.01155  
5.0688      1.003     -0.01173  
5.0816      0.9947    -0.01191  
5.0944      0.9734    -0.009605 
5.1072      0.9733    -0.01208  
5.12        0.9933    -0.009428 
5.1328      1.001     -0.0112   
5.1456      0.9924    -0.01208  
5.1584      0.9703    -0.01084  
5.1712      0.9707    -0.009074 
5.184       0.9941    -0.007127 
5.1968      1.002     -0.007658 
5.2096      0.9959    -0.01084  
5.2224      0.97      -0.01244  
5.2352      0.971     -0.01084  
5.248       0.9936    -0.01014  
5.2608      1.001     -0.006949 
5.2736      0.9957    -0.01014  
5.2864      0.9733    -0.01173  
5.2992      0.9715    -0.01014  
5.312       0.9941    -0.008366 
5.3248      1.001     -0.009428 
5.3376      0.9938    -0.008543 
5.3504      0.97      -0.0112   
5.3632      0.9703    -0.00872  
5.376       0.9947    -0.00571  
5.3888      0.9999    -0.008012 
5.4016      0.9928    -0.008543 
5.4144      0.9698    -0.00571  
5.4272      0.9696    -0.007127 
5.44        0.994     -0.007658 
5.4528      1.003     -0.007127 
5.4656      0.9933    -0.009605 
5.4784      0.9705    -0.007835 
5.4912      0.9707    -0.00996  
5.504       0.9929    -0.007835 
5.5168      1.001     -0.009428 
5.5296      0.9924    -0.01173  
5.5424      0.9682    -0.01244  
5.5552      0.9717    -0.009428 
5.568       0.9933    -0.008543 
5.5808      1.001     -0.008543 
5.5936      0.9954    -0.006772 
5.6064      0.9715    -0.00996  
5.6192      0.9715    -0.008012 
5.632       0.9954    -0.01049  
5.6448      1.002     -0.01031  
5.6576      0.9957    -0.01067  
5.6704      0.971     -0.009428 
5.6832      0.9708    -0.01386  
5.696       0.9908    -0.01155  
5.7088      1.001     -0.01244  
5.7216      0.9943    -0.01049  
5.7344      0.9715    -0.009783 
5.7472      0.9714    -0.01138  
5.76        0.995     -0.01262  
5.7728      1.002     -0.01191  
5.7856      0.9924    -0.007304 
5.7984      0.9701    -0.009074 
5.8112      0.9696    -0.00872  
5.824       0.9936    -0.01315  
5.8368      1.002     -0.01439  
5.8496      0.9936    -0.01279  
5.8624      0.9682    -0.01226  
5.8752      0.9728    -0.01386  
5.888       0.9957    -0.00872  
5.9008      1.002     -0.008012 
5.9136      0.9941    -0.008012 
5.9264      0.9703    -0.01155  
5.9392      0.9721    -0.00996  
5.952       0.9947    -0.01262  
5.9648      1.001     -0.01031  
5.9776      0.9959    -0.008012 
5.9904      0.9728    -0.009783 
6.0032      0.9726    -0.0112   
6.016       0.9936    -0.01208  
6.0288      1.003     -0.01014  
6.0416      0.9931    -0.01262  
6.0544      0.9696    -0.01226  
6.0672      0.9698    -0.01084  
6.08        0.9945    -0.008012 
6.0928      1.004     -0.01049  
6.1056      0.9924    -0.01173  
6.1184      0.9684    -0.009783 
6.1312      0.9715    -0.0112   
6.144       0.9941    -0.01102  
6.1568      1.001     -0.008366 
6.1696      0.9933    -0.006418 
6.1824      0.9688    -0.006949 
6.1952      0.9694    -0.01031  
6.208       0.9948    -0.00996  
6.2208      1.001     -0.008189 
6.2336      0.9952    -0.01031  
6.2464      0.9722    -0.009074 
6.2592      0.9724    -0.01155  
6.272       0.9929    -0.01208  
6.2848      1.001     -0.01102  
6.2976      0.9919    -0.007481 
6.3104      0.9717    -0.01208  
6.3232      0.9707    -0.0112   
6.336       0.9936    -0.01138  
6.3488      1.001     -0.0135   
6.3616      0.9929    -0.01067  
6.3744      0.9689    -0.01386  
6.3872      0.9688    -0.01191  
6.4         0.9945    -0.01067  
6.4128      1.001     -0.01084  
6.4256      0.9922    -0.01138  
6.4384      0.9688    -0.01208  
6.4512      0.9705    -0.01191  
6.464       0.9919    -0.01155  
6.4768      0.9994    -0.01014  
6.4896      0.9936    -0.01067  
6.5024      0.9701    -0.007304 
6.5152      0.9691    -0.008366 
6.528       0.9934    -0.00996  
6.5408      1.003     -0.01155  
6.5536      0.9947    -0.01456  
6.5664      0.9719    -0.01439  
6.5792      0.9715    -0.01049  
6.592       0.9976    -0.01031  
6.6048      1.004     -0.009074 
6.6176      0.9947    -0.008543 
6.6304      0.9745    -0.01173  
6.6432      0.9705    -0.01138  
6.656       0.9938    -0.009074 
6.6688      1.002     -0.009605 
6.6816      0.9943    -0.01102  
6.6944      0.9729    -0.006772 
6.7072      0.9722    -0.009251 
6.72        0.9947    -0.01014  
6.7328      1.004     -0.01102  
6.7456      0.994     -0.009783 
6.7584      0.9705    -0.01014  
6.7712      0.9698    -0.008366 
6.784       0.9926    -0.007481 
6.7968      1.003     -0.01208  
6.8096      0.9928    -0.01138  
6.8224      0.9728    -0.01014  
6.8352      0.9698    -0.01067  
6.848       0.9943    -0.01244  
6.8608      1.002     -0.009605 
6.8736      0.9938    -0.009251 
6.8864      0.9722    -0.009251 
6.8992      0.9708    -0.006772 
6.912       0.9978    -0.008543 
6.9248      1.003     -0.007304 
6.9376      0.9962    -0.006595 
6.9504      0.9726    -0.00571  
6.9632      0.9712    -0.006772 
6.976       0.9968    -0.007127 
6.9888      1.003     -0.009605 
7.0016      0.9943    -0.008366 
7.0144      0.9717    -0.01049  
7.0272      0.9741    -0.008897 
7.04        0.9971    -0.01208  
7.0528      1.004     -0.006064 
7.0656      0.9948    -0.008012 
7.0784      0.9728    -0.01014  
7.0912      0.9736    -0.008189 
7.104       0.9971    -0.01279  
7.1168      1.005     -0.01527  
7.1296      0.9969    -0.01297  
7.1424      0.9731    -0.01386  
7.1552      0.9738    -0.0135   
7.168       0.9966    -0.01315  
7.1808      1.006     -0.01191  
7.1936      0.9976    -0.008189 
7.2064      0.974     -0.01474  
7.2192      0.9729    -0.01421  
7.232       0.9983    -0.01244  
7.2448      1.008     -0.01084  
7.2576      0.9968    -0.01173  
7.2704      0.9726    -0.005356 
7.2832      0.9719    -0.01049  
7.296       0.9974    -0.008543 
7.3088      1.006     -0.008897 
7.3216      0.998     -0.01244  
7.3344      0.9752    -0.01014  
7.3472      0.975     -0.01049  
7.36        0.9981    -0.0112   
7.3728      1.006     -0.01084  
7.3856      0.9973    -0.01297  
7.3984      0.9726    -0.01474  
7.4112      0.9722    -0.0135   
7.424       0.9957    -0.01067  
7.4368      1.005     -0.01173  
7.4496      0.9976    -0.01492  
7.4624      0.9738    -0.01102  
7.4752      0.9721    -0.01191  
7.488       0.9962    -0.01191  
7.5008      1.006     -0.00872  
7.5136      0.9954    -0.01138  
7.5264      0.9738    -0.01138  
7.5392      0.9731    -0.01014  
7.552       0.9976    -0.01226  
7.5648      1.005     -0.009428 
7.5776      0.9955    -0.01191  
7.5904      0.9743    -0.01031  
7.6032      0.9728    -0.01244  
7.616       0.9952    -0.01315  
7.6288      1.004     -0.01368  
7.6416      0.9968    -0.01155  
7.6544      0.9733    -0.008543 
7.6672      0.9721    -0.01049  
7.68        0.9973    -0.01138  
7.6928      1.003     -0.01386  
7.7056      0.9945    -0.01155  
7.7184      0.9736    -0.01279  
7.7312      0.9728    -0.01049  
7.744       0.9954    -0.0112   
7.7568      1.003     -0.01084  
7.7696      0.9947    -0.008012 
7.7824      0.9722    -0.01014  
7.7952      0.9717    -0.01049  
7.808       0.9964    -0.009251 
7.8208      1.004     -0.01332  
7.8336      0.9952    -0.00996  
7.8464      0.974     -0.01049  
7.8592      0.9736    -0.009605 
7.872       0.9962    -0.01102  
7.8848      1.004     -0.01226  
7.8976      1         -0.01155  
7.9104      0.9759    -0.009251 
7.9232      0.9722    -0.01138  
7.936       1         -0.009783 
7.9488      1.005     -0.01191  
7.9616      0.9938    -0.01014  
7.9744      0.9736    -0.007835 
7.9872      0.9748    -0.007658 
8           0.998     -0.01031  
8.0128      1.005     -0.009428 
8.0256      0.9974    -0.01262  
8.0384      0.9738    -0.009428 
8.0512      0.9745    -0.01226  
8.064       0.9962    -0.01067  
8.0768      1.003     -0.00996  
8.0896      0.9962    -0.0112   
8.1024      0.9759    -0.01014  
8.1152      0.9736    -0.009605 
8.128       0.9994    -0.0112   
8.1408      1.005     -0.009605 
8.1536      0.9968    -0.01279  
8.1664      0.9726    -0.01332  
8.1792      0.9719    -0.01031  
8.192       0.9943    -0.01049  
8.2048      1.002     -0.01084  
8.2176      0.9924    -0.009251 
8.2304      0.9715    -0.01049  
8.2432      0.9729    -0.01332  
8.256       0.9957    -0.01226  
8.2688      1.002     -0.01031  
8.2816      0.9943    -0.01067  
8.2944      0.9721    -0.009428 
8.3072      0.971     -0.01173  
8.32        0.9936    -0.01208  
8.3328      1.004     -0.01262  
8.3456      0.9955    -0.01226  
8.3584      0.9717    -0.01262  
8.3712      0.9701    -0.009251 
8.384       0.9941    -0.01332  
8.3968      1.001     -0.01031  
8.4096      0.9954    -0.008189 
8.4224      0.9728    -0.008543 
8.4352      0.9721    -0.008897 
8.448       0.9961    -0.008012 
8.4608      1.004     -0.009428 
8.4736      0.9955    -0.01031  
8.4864      0.9731    -0.006064 
8.4992      0.9696    -0.008189 
8.512       0.9954    -0.009428 
8.5248      1.002     -0.007127 
8.5376      0.9957    -0.002346 
8.5504      0.9708    -0.007658 
8.5632      0.9721    -0.008543 
8.576       0.9945    -0.01049  
8.5888      1.003     -0.01279  
8.6016      0.9941    -0.01226  
8.6144      0.9714    -0.008543 
8.6272      0.9722    -0.007835 
8.64        0.9962    -0.00996  
8.6528      1.001     -0.006595 
8.6656      0.9954    -0.006772 
8.6784      0.97      -0.01102  
8.6912      0.9736    -0.009428 
8.704       0.9968    -0.008543 
8.7168      1.004     -0.009605 
8.7296      0.9959    -0.01226  
8.7424      0.9717    -0.01014  
8.7552      0.9707    -0.01208  
8.768       0.9959    -0.008543 
8.7808      1.003     -0.009605 
8.7936      0.9941    -0.01014  
8.8064      0.9708    -0.007304 
8.8192      0.9721    -0.007481 
8.832       0.995     -0.01084  
8.8448      1.002     -0.01049  
8.8576      0.9945    -0.00996  
8.8704      0.9703    -0.0112   
8.8832      0.9715    -0.009251 
8.896       0.9941    -0.007835 
8.9088      1.005     -0.009783 
8.9216      0.9933    -0.008897 
8.9344      0.9708    -0.01014  
8.9472      0.9743    -0.009251 
8.96        0.9957    -0.0135   
8.9728      1.005     -0.01138  
8.9856      0.9964    -0.009074 
8.9984      0.9726    -0.009251 
9.0112      0.9745    -0.007481 
9.024       0.9945    -0.007835 
9.0368      1.002     -0.00996  
9.0496      0.9961    -0.01191  
9.0624      0.9741    -0.007304 
9.0752      0.9728    -0.008897 
9.088       0.9966    -0.007304 
9.1008      1.005     -0.006949 
9.1136      0.9961    -0.009074 
9.1264      0.9719    -0.01208  
9.1392      0.9731    -0.01084  
9.152       0.9959    -0.01208  
9.1648      1.004     -0.01084  
9.1776      0.9948    -0.01456  
9.1904      0.9719    -0.01155  
9.2032      0.9701    -0.00996  
9.216       0.9969    -0.00872  
9.2288      1.002     -0.008543 
9.2416      0.9961    -0.009251 
9.2544      0.9726    -0.01191  
9.2672      0.9743    -0.009783 
9.28        0.9962    -0.008897 
9.2928      1.003     -0.006595 
9.3056      0.9964    -0.009605 
9.3184      0.9734    -0.009605 
9.3312      0.9743    -0.009251 
9.344       0.9964    -0.01031  
9.3568      1.004     -0.01332  
9.3696      0.9959    -0.008543 
9.3824      0.9736    -0.006949 
9.3952      0.9734    -0.009605 
9.408       0.9962    -0.009251 
9.4208      1.003     -0.01262  
9.4336      0.9978    -0.01014  
9.4464      0.9717    -0.00996  
9.4592      0.9726    -0.008189 
9.472       0.9961    -0.009605 
9.4848      1.002     -0.01014  
9.4976      0.9955    -0.008012 
9.5104      0.9754    -0.006418 
9.5232      0.9726    -0.01208  
9.536       0.9964    -0.01014  
9.5488      1.001     -0.008897 
9.5616      0.9957    -0.01138  
9.5744      0.9733    -0.01049  
9.5872      0.9728    -0.005887 
9.6         0.995     -0.01031  
9.6128      1.003     -0.00872  
9.6256      0.9938    -0.008543 
9.6384      0.9712    -0.008897 
9.6512      0.9715    -0.01226  
9.664       0.9962    -0.01067  
9.6768      1.004     -0.00872  
9.6896      0.9969    -0.01315  
9.7024      0.9741    -0.01173  
9.7152      0.9745    -0.007481 
9.728       0.9981    -0.007127 
9.7408      1.005     -0.007658 
9.7536      0.9959    -0.008012 
9.7664      0.9736    -0.006418 
9.7792      0.9741    -0.01014  
9.792       0.9962    -0.00571  
9.8048      1.004     -0.008897 
9.8176      0.9966    -0.01014  
9.8304      0.974     -0.01191  
9.8432      0.9719    -0.009074 
9.856       0.995     -0.008543 
9.8688      1.003     -0.01084  
9.8816      0.9981    -0.009074 
9.8944      0.975     -0.01102  
9.9072      0.9736    -0.007127 
9.92        0.9952    -0.007481 
9.9328      1.005     -0.007658 
9.9456      0.9961    -0.008366 
9.9584      0.9745    -0.009074 
9.9712      0.9741    -0.005887 
9.984       0.999     -0.00996  
9.9968      1.004     -0.01084  
